     0/399     1.55G   0.09742   0.02896   0.08058     0.207        28       640         0         0         0         0   0.08485   0.02743   0.07981
     1/399     7.88G   0.09063   0.02646   0.08008    0.1972        23       640         0         0         0         0   0.08366   0.02609   0.07963
     2/399     8.09G   0.08844   0.02588   0.07973     0.194        24       640         0         0         0         0   0.08279   0.02561   0.07949
     3/399     8.09G   0.08752   0.02516   0.07953    0.1922        29       640         0         0         0         0   0.08171   0.02557   0.07934
     4/399     8.09G   0.08557   0.02577    0.0793    0.1906        24       640         0         0         0         0   0.07654   0.02674   0.07919
     5/399     8.09G   0.08023   0.02668   0.07918    0.1861        28       640         0         0         0         0   0.07125   0.02744   0.07917
     6/399     8.09G   0.07692   0.02794   0.07899    0.1839        28       640  0.004839   0.02429  0.001729 0.0005833   0.06841   0.02721   0.07918
     7/399     8.09G   0.07117   0.02718   0.07896    0.1773        25       640   0.01946   0.04694   0.01149  0.003122   0.06221    0.0266   0.07889
     8/399     8.09G   0.06631   0.02609   0.07886    0.1713        22       640   0.09801   0.08256   0.01551   0.00394   0.06096   0.03615   0.07951
     9/399     8.09G   0.06267   0.02451   0.07857    0.1658        25       640   0.00635   0.04896  0.003982  0.000645   0.07906    0.0242   0.07848
    10/399     8.09G   0.06176   0.02237   0.07801    0.1621        28       640   0.03669      0.16   0.03685   0.01008   0.05941   0.02647   0.07807
    11/399     8.09G   0.05859   0.02153   0.07766    0.1578        38       640   0.02186   0.07756   0.01443  0.005335   0.06708   0.02339   0.07835
    12/399     8.09G   0.05826   0.02158    0.0773    0.1571        33       640   0.02895    0.1715   0.03519   0.01264   0.05446   0.02291   0.07713
    13/399     8.09G   0.05608   0.02205     0.077    0.1551        20       640   0.03148   0.08041   0.02083  0.006329   0.07696   0.01974   0.07771
    14/399     8.09G   0.05482   0.01947   0.07652    0.1508        27       640    0.1467    0.1026   0.06066   0.02396   0.04642   0.01824   0.07624
    15/399     8.09G   0.05109   0.01723    0.0757     0.144        24       640    0.1715    0.1694   0.09331   0.04085   0.04245   0.01612   0.07469
    16/399     8.09G   0.04957   0.01655   0.07497    0.1411        31       640   0.09909    0.3086     0.121   0.06026   0.04023   0.01408   0.07321
    17/399     8.09G   0.04883   0.01585   0.07417    0.1389        29       640    0.1173    0.2306    0.1028   0.04559   0.04378   0.01525   0.07333
    18/399     8.09G   0.04509   0.01472   0.07336    0.1332        26       640   0.07224    0.2599   0.08087   0.03965    0.0497   0.01662   0.07431
    19/399     8.09G   0.04477   0.01431   0.07291     0.132        20       640    0.1061    0.2975    0.1281   0.06047   0.03682   0.01411   0.07141
    20/399     8.09G   0.04239   0.01343   0.07243    0.1283        20       640    0.2166    0.2733    0.1323    0.0693   0.03493   0.01178   0.07086
    21/399     8.09G   0.03988   0.01272   0.07165    0.1242        19       640    0.1472    0.3922     0.147   0.07594   0.03592   0.01264   0.07015
    22/399     8.09G   0.04227    0.0125   0.07106    0.1258        26       640      0.16    0.1753   0.09449   0.05372   0.04979   0.01606   0.07263
    23/399     8.09G   0.03949   0.01254   0.07084    0.1229        25       640    0.1778    0.4572    0.1833    0.1026   0.03313   0.01081   0.06938
    24/399     8.09G   0.03876   0.01169   0.06946    0.1199        25       640    0.1758    0.2292    0.1166   0.06361    0.0441   0.01513   0.07069
    25/399     8.09G   0.03779    0.0118   0.06912    0.1187        24       640     0.193     0.479    0.2029    0.1189   0.03221   0.01112   0.06846
    26/399     8.09G   0.03863    0.0117    0.0685    0.1188        34       640     0.191    0.4249    0.2078    0.1254   0.03022   0.01062   0.06684
    27/399     8.09G   0.03587   0.01101   0.06758    0.1145        28       640    0.1809     0.377    0.1896    0.1157   0.03231   0.01229   0.06658
    28/399     8.09G   0.03559   0.01125   0.06688    0.1137        22       640    0.3153    0.2545    0.2386    0.1416   0.03058   0.01024   0.06559
    29/399     8.09G   0.03556   0.01089   0.06632    0.1128        23       640    0.2018    0.4421     0.225    0.1352   0.03009  0.009828   0.06436
    30/399     8.09G   0.03414   0.01041   0.06562    0.1102        25       640     0.197    0.4685    0.2344    0.1424   0.03401   0.01035   0.06448
    31/399     8.09G   0.03575   0.01043   0.06571    0.1119        27       640    0.2207    0.4552    0.2361    0.1488   0.02939    0.0104   0.06471
    32/399     8.09G   0.03558   0.01037   0.06518    0.1111        21       640     0.178    0.4864    0.2617    0.1525   0.03095    0.0101   0.06383
    33/399     8.09G   0.03496   0.01043   0.06472    0.1101        33       640    0.2387    0.4521    0.2571    0.1604   0.03009   0.01015   0.06227
    34/399     8.09G   0.03408   0.01044   0.06421    0.1087        33       640    0.2865    0.4859    0.3094    0.1855   0.03039  0.009551   0.06205
    35/399     8.09G   0.03346   0.01019   0.06321    0.1069        23       640    0.2697    0.4372    0.3276    0.2118   0.02694  0.008852   0.06039
    36/399     8.09G   0.03401  0.009919   0.06244    0.1064        29       640    0.2304    0.5104    0.3204    0.2127   0.02723  0.009122   0.06024
    37/399     8.09G   0.03294  0.009911   0.06152    0.1044        25       640    0.2955    0.4219     0.294    0.1771   0.03025  0.009423   0.05999
    38/399     8.09G   0.03194  0.009628   0.06053    0.1021        22       640    0.2622    0.4671    0.3261    0.2106   0.02734  0.008871   0.05841
    39/399     8.09G   0.03238  0.009494   0.06035    0.1022        20       640    0.2744    0.4867    0.3459     0.216   0.02876  0.009182   0.05778
    40/399     8.09G   0.03247  0.009614    0.0596    0.1017        29       640       0.3     0.486    0.3665    0.2391   0.02653  0.008649   0.05678
    41/399     8.09G   0.03265  0.009508   0.05834    0.1005        29       640    0.2786     0.647    0.3854    0.2454   0.02701  0.008661   0.05611
    42/399     8.09G   0.03278   0.00989   0.05799    0.1007        23       640    0.3093    0.5073    0.3793    0.2435   0.02724  0.009037   0.05517
    43/399     8.09G   0.03225  0.009426   0.05674   0.09841        28       640     0.339    0.5094    0.4206    0.2713   0.02737  0.008662   0.05445
    44/399     8.09G   0.03087  0.009367   0.05611   0.09635        26       640    0.3106    0.5685    0.3956    0.2614   0.02606  0.008938   0.05355
    45/399     8.09G   0.03233  0.009282    0.0551   0.09671        21       640     0.354    0.5258    0.4489    0.2783   0.02721   0.00854   0.05144
    46/399     8.09G   0.03129  0.009626   0.05386   0.09478        33       640    0.3151    0.6288    0.4436    0.2955   0.02626   0.00826   0.05159
    47/399     8.09G   0.03215  0.009174    0.0531   0.09442        26       640    0.3425    0.6422    0.4538    0.2917   0.02741  0.008569   0.04957
    48/399     8.09G   0.03177  0.009158   0.05262   0.09355        27       640    0.3602    0.5515    0.4674    0.3101   0.02654  0.008453   0.04856
    49/399     8.09G   0.03076  0.009052   0.05153   0.09134        27       640    0.3579    0.6271    0.4803    0.2916   0.02894  0.008463   0.04915
    50/399     8.09G   0.02979  0.009186   0.05058   0.08956        30       640    0.4246    0.5776    0.5201    0.3308   0.02708  0.008325   0.04665
    51/399     8.09G   0.03165  0.009038   0.05013   0.09082        32       640    0.4646    0.6055    0.5182     0.337   0.02617  0.008218   0.04648
    52/399     8.09G   0.03153  0.009056   0.04965   0.09024        25       640    0.3715    0.6873     0.535    0.3528   0.02695  0.008585   0.04617
    53/399     8.09G   0.03126   0.00901   0.04843    0.0887        29       640    0.3635    0.7288    0.5288    0.3624   0.02541  0.008452   0.04427
    54/399     8.09G   0.03062  0.008874   0.04698   0.08648        21       640    0.5201    0.5931    0.5735    0.3928   0.02558  0.008085   0.04375
    55/399     8.09G   0.03022  0.008985   0.04614   0.08534        29       640    0.4506    0.5957    0.5557    0.3461   0.02806   0.00848   0.04405
    56/399     8.09G   0.03173  0.009044   0.04661   0.08738        28       640    0.4148    0.6378    0.5696    0.3749   0.02587   0.00812   0.04239
    57/399     8.09G   0.03168  0.008813   0.04486   0.08535        28       640    0.4265    0.7093    0.5692    0.3653   0.02713   0.00833   0.04229
    58/399     8.09G    0.0314  0.009028    0.0453   0.08573        25       640    0.5952    0.5498    0.5798    0.3793   0.02622  0.008535   0.04158
    59/399     8.09G   0.03163  0.008816   0.04379   0.08423        25       640    0.4942    0.6026    0.6045    0.3934   0.02585  0.008153   0.04149
    60/399     8.09G   0.03091  0.008824   0.04365   0.08338        31       640    0.4196    0.6918    0.5956    0.3998   0.02488  0.007993   0.04051
    61/399     8.09G   0.02956    0.0086   0.04266   0.08082        22       640    0.5419    0.6275    0.6171    0.4162   0.02514  0.007852   0.03888
    62/399     8.09G   0.03089  0.008853   0.04157   0.08131        23       640     0.489    0.6286    0.5978    0.3964    0.0263  0.008464   0.03985
    63/399     8.09G   0.02995  0.008373   0.04135   0.07968        30       640    0.5195    0.6974    0.6198    0.4242   0.02545  0.007897   0.03857
    64/399     8.09G    0.0305  0.009022   0.04165   0.08117        25       640    0.5516    0.6566    0.6117    0.3922   0.02711  0.008488   0.03909
    65/399     8.09G   0.02826  0.008188   0.03916   0.07561        26       640     0.522    0.6242    0.6282    0.4266   0.02505  0.007928   0.03753
    66/399     8.09G   0.03118  0.008725   0.04034   0.08024        29       640    0.5401    0.6776    0.6465    0.4136   0.02705  0.008247   0.03649
    67/399     8.09G   0.03122  0.008566   0.03914   0.07893        27       640    0.5354    0.6407    0.6551    0.4146   0.02764  0.008109   0.03748
    68/399     8.09G   0.02969  0.008671   0.03923   0.07759        26       640    0.5996    0.6446    0.6335    0.4255   0.02626  0.008311   0.03614
    69/399     8.09G   0.02895  0.008813   0.03731   0.07507        29       640    0.7022    0.5475     0.643    0.4327   0.02505  0.008193   0.03635
    70/399     8.09G   0.03015  0.008477   0.03746   0.07609        28       640    0.5165    0.7209     0.653    0.4443     0.025  0.007891   0.03585
    71/399     8.09G   0.02967  0.008345   0.03668   0.07469        31       640    0.4311    0.7618    0.6487    0.4332   0.02574  0.007985   0.03546
    72/399     8.09G   0.03012  0.008343    0.0366   0.07506        28       640    0.5098    0.6798    0.6404    0.4233   0.02575  0.007775   0.03618
    73/399     8.09G   0.02922   0.00845   0.03663    0.0743        22       640    0.4658    0.7142    0.6559    0.4305   0.02675  0.008247   0.03496
    74/399     8.09G   0.02972  0.008426   0.03618   0.07433        24       640    0.5845    0.7004    0.6632    0.4323   0.02705   0.00809   0.03503
    75/399     8.09G   0.03083  0.008418   0.03514   0.07438        18       640     0.573    0.7084    0.6754    0.4541   0.02535  0.007926   0.03328
    76/399     8.09G   0.03057  0.008377   0.03516   0.07411        28       640    0.5041    0.7159     0.653    0.4478   0.02558  0.007882   0.03475
    77/399     8.09G   0.02914  0.008593   0.03412   0.07185        22       640    0.5669    0.6894    0.6924    0.4753   0.02527  0.007859   0.03253
    78/399     8.09G    0.0294  0.008388   0.03329   0.07108        26       640    0.5849    0.7191    0.7148    0.4881   0.02561  0.007812    0.0316
    79/399     8.09G   0.02983  0.008528   0.03328   0.07164        32       640    0.5355    0.7531    0.7001    0.4603   0.02646  0.008278   0.03256
    80/399     8.09G   0.03047  0.008462   0.03225   0.07118        30       640    0.5551    0.6925    0.6736     0.455   0.02504     0.008   0.03262
    81/399     8.09G   0.02881  0.008161   0.03094   0.06791        33       640    0.5832    0.6923    0.6979    0.4844   0.02434  0.007726   0.03104
    82/399     8.09G   0.02959   0.00827   0.03165   0.06951        28       640     0.596    0.7668    0.7301    0.4983   0.02482  0.007747   0.02949
    83/399     8.09G   0.02922  0.008321   0.03192   0.06946        32       640     0.632    0.7401     0.723    0.4994   0.02409  0.007546   0.02995
    84/399     8.09G   0.02942  0.008528   0.03198   0.06993        31       640    0.6939    0.6803    0.7036    0.4946   0.02415  0.007953   0.02985
    85/399     8.09G    0.0291  0.008214   0.03007   0.06738        23       640    0.5826    0.7598    0.7165     0.493   0.02457  0.007789    0.0303
    86/399     8.09G   0.02859  0.008504   0.03191     0.069        24       640    0.5821    0.7125    0.7012    0.5084   0.02402  0.007644   0.03142
    87/399     8.09G    0.0303  0.008243   0.03016    0.0687        25       640    0.6677    0.6746     0.708     0.498   0.02444  0.008175   0.03148
    88/399     8.09G   0.02917  0.008254   0.02925   0.06667        32       640    0.6161    0.7595    0.7178     0.486   0.02508  0.008124   0.02961
    89/399     8.09G   0.02888  0.008053   0.02915   0.06608        22       640    0.6799    0.7196     0.719    0.5033   0.02409  0.007794   0.03016
    90/399     8.09G   0.02864  0.008301   0.02923   0.06617        24       640    0.6323    0.7579    0.7428    0.5227   0.02406  0.007601   0.02897
    91/399     8.09G   0.02943  0.008379   0.02827   0.06608        35       640    0.6636    0.7642    0.7668    0.5138    0.0251  0.007421   0.02816
    92/399     8.09G   0.02867  0.008056   0.02779   0.06452        26       640    0.6889    0.6911    0.7419    0.5216   0.02436  0.007732    0.0287
    93/399     8.09G   0.02863  0.008042   0.02712   0.06379        34       640    0.6566    0.7248     0.733    0.5188   0.02385  0.007414    0.0286
    94/399     8.09G   0.02731  0.007762   0.02677   0.06185        34       640     0.689    0.7321    0.7515    0.5365   0.02339  0.007347   0.02808
    95/399     8.09G   0.02895  0.008236   0.02628   0.06347        29       640    0.6472    0.7025    0.7316    0.5114   0.02447  0.007431   0.02866
    96/399     8.09G   0.02727  0.008037   0.02719   0.06249        24       640    0.6249    0.8065      0.77    0.5462   0.02345  0.007429    0.0265
    97/399     8.09G   0.02863  0.007905   0.02595   0.06249        28       640    0.6691    0.7062    0.7557    0.5294   0.02369  0.007529   0.02773
    98/399     8.09G   0.02807  0.007794   0.02467   0.06053        21       640    0.7168    0.6281    0.7148    0.4871   0.02583   0.00828   0.02958
    99/399     8.09G   0.02848  0.007947     0.026   0.06243        28       640    0.6279    0.8097    0.7489     0.517   0.02398  0.007638    0.0271
   100/399     8.09G   0.02731  0.008229   0.02714   0.06268        30       640    0.6613    0.7234    0.7577    0.5337   0.02456   0.00783   0.02717
   101/399     8.09G   0.02653  0.007676   0.02483   0.05904        24       640    0.6453    0.7185    0.7551     0.524    0.0239  0.007609   0.02767
   102/399     8.09G   0.02764   0.00797   0.02498   0.06059        27       640    0.7021    0.7282    0.7686    0.5361   0.02416  0.007804    0.0268
   103/399     8.09G   0.02754  0.007955   0.02396   0.05946        21       640    0.7214     0.733    0.7539    0.5221   0.02341  0.007534   0.02647
   104/399     8.09G   0.02772  0.007997   0.02427   0.05999        24       640    0.6895    0.7072    0.7549    0.5351   0.02332  0.007547   0.02824
   105/399     8.09G   0.02652  0.007765    0.0236   0.05788        32       640     0.707    0.7148    0.7584    0.5286   0.02363  0.007453   0.02621
   106/399     8.09G   0.02796  0.007904   0.02247   0.05833        28       640    0.6501    0.7557    0.7679    0.5404   0.02427  0.007669   0.02586
   107/399     8.09G   0.02828  0.007953   0.02315   0.05938        30       640    0.6678    0.7295    0.7626    0.5257   0.02499  0.008165   0.02633
   108/399     8.09G   0.02698  0.007929   0.02268    0.0576        26       640    0.7336    0.7601    0.7872     0.557    0.0233  0.007259    0.0258
   109/399     8.09G   0.02691  0.007628   0.02177   0.05631        32       640    0.7357    0.7158    0.7885    0.5581   0.02382  0.007608   0.02551
   110/399     8.09G   0.02697  0.007544   0.02177   0.05628        23       640    0.7784    0.7562    0.8205    0.5874    0.0231  0.007726   0.02381
   111/399     8.09G   0.02676  0.007882   0.02121   0.05586        23       640    0.7079    0.7834     0.801    0.5682   0.02338  0.007483   0.02399
   112/399     8.09G   0.02776  0.008123    0.0214   0.05728        29       640    0.7353    0.6783    0.7538    0.5294   0.02434  0.007981   0.02743
   113/399     8.09G   0.02678  0.007931    0.0211   0.05581        32       640    0.6666    0.7664    0.7597    0.5397   0.02367  0.007751   0.02629
   114/399     8.09G   0.02716  0.007702   0.02073    0.0556        24       640    0.7546    0.7636    0.8053     0.571   0.02319  0.007163   0.02562
   115/399     8.09G   0.02742  0.007873   0.02035   0.05564        21       640    0.6787    0.7981    0.7909     0.567   0.02316  0.007384   0.02488
   116/399     8.09G   0.02657  0.007845    0.0205   0.05491        24       640    0.7204    0.7742    0.8013    0.5881   0.02228   0.00738   0.02348
   117/399     8.09G   0.02657   0.00789   0.01995   0.05441        29       640    0.7835    0.7735    0.8226    0.5999   0.02247  0.007215   0.02304
   118/399     8.09G   0.02661  0.007515   0.01925   0.05338        20       640      0.73    0.7578     0.799    0.5651   0.02322  0.007377   0.02498
   119/399     8.09G   0.02593  0.007648   0.01954   0.05311        29       640    0.8255    0.7299    0.8028    0.5861   0.02293  0.007234   0.02338
   120/399     8.09G   0.02656  0.007752   0.02065   0.05497        25       640    0.6911    0.8096    0.8085    0.5864   0.02227  0.007308    0.0234
   121/399     8.09G    0.0267  0.007884   0.01953   0.05412        23       640    0.7849    0.7153    0.8007    0.5862   0.02254  0.007355   0.02408
   122/399     8.09G   0.02681  0.007684   0.01936   0.05386        24       640     0.817    0.7292    0.8106    0.6041   0.02164  0.007284   0.02425
   123/399     8.09G   0.02579   0.00763   0.01827   0.05169        35       640    0.7232    0.7799    0.7962    0.5733   0.02238  0.007317    0.0254
   124/399     8.09G   0.02706  0.007466   0.01804   0.05257        21       640    0.7103    0.7751     0.801    0.5742   0.02286  0.007455   0.02483
   125/399     8.09G   0.02624  0.007611   0.01992   0.05377        20       640    0.7663     0.771    0.8245    0.6061   0.02212  0.007251   0.02434
   126/399     8.09G   0.02679  0.007646   0.01831   0.05275        28       640    0.7756    0.7564    0.8162    0.5905   0.02272  0.007392    0.0255
   127/399     8.09G   0.02577  0.007649   0.01778    0.0512        32       640    0.7264    0.7981    0.8245    0.5933   0.02266  0.007423   0.02495
   128/399     8.09G    0.0255    0.0074   0.01827   0.05117        22       640    0.7439    0.8033    0.8113    0.5906     0.022   0.00725   0.02282
   129/399     8.09G    0.0258  0.007502   0.01755   0.05084        28       640     0.676    0.8023    0.7932    0.5729   0.02187  0.007091   0.02652
   130/399     8.09G   0.02637  0.007517   0.01757   0.05146        25       640    0.7479    0.7541    0.8131    0.5799   0.02278  0.007186   0.02336
   131/399     8.09G   0.02651  0.007642   0.01726   0.05141        31       640    0.7331      0.81    0.8106    0.5826   0.02296  0.007226    0.0238
   132/399     8.09G   0.02532  0.007592   0.01639    0.0493        30       640    0.7945    0.7753    0.8357    0.6044    0.0222  0.007209   0.02213
   133/399     8.09G   0.02635  0.007645   0.01703   0.05103        34       640     0.749    0.7835    0.8117    0.5912   0.02238  0.007315   0.02321
   134/399     8.09G   0.02559  0.007465   0.01623   0.04929        26       640    0.7983    0.7394    0.8165     0.591   0.02237   0.00726   0.02429
   135/399     8.09G   0.02563  0.007588   0.01555   0.04877        28       640    0.7617      0.77    0.8253    0.6009   0.02208  0.007227   0.02337
   136/399     8.09G   0.02506  0.007566   0.01645   0.04908        34       640    0.7145    0.7565    0.7815    0.5696   0.02165  0.007537   0.02704
   137/399     8.09G   0.02626  0.007246   0.01613   0.04964        23       640    0.7165    0.7618    0.7973    0.5791   0.02254  0.007513   0.02522
   138/399     8.09G   0.02557  0.007416   0.01644   0.04942        21       640    0.7816    0.7203    0.8102    0.5969   0.02133  0.007151   0.02406
   139/399     8.09G   0.02618  0.007527   0.01515   0.04886        23       640     0.771    0.8045     0.825    0.6135    0.0212  0.007037   0.02202
   140/399     8.09G   0.02519  0.007633   0.01551   0.04834        30       640    0.7576     0.738     0.799    0.5911   0.02241  0.007779   0.02549
   141/399     8.09G    0.0249  0.007597   0.01454   0.04704        25       640    0.8014    0.7721    0.8264    0.6146   0.02171  0.007036   0.02246
   142/399     8.09G   0.02476  0.007376   0.01571   0.04784        37       640    0.7367    0.7932    0.8197    0.5951   0.02252  0.007214   0.02505
   143/399     8.09G   0.02489  0.006933   0.01406   0.04588        27       640    0.7207    0.8398    0.8312    0.6289   0.02127  0.007043   0.02242
   144/399     8.09G   0.02539  0.007396   0.01541    0.0482        28       640    0.8471    0.7688    0.8482     0.639   0.02106   0.00699   0.02119
   145/399     8.09G     0.025   0.00712   0.01515   0.04727        21       640    0.8552    0.7665    0.8444    0.6261   0.02125  0.007084   0.02122
   146/399     8.09G   0.02473  0.007284    0.0162   0.04821        22       640    0.7969    0.7477    0.8103    0.6096   0.02145  0.007321   0.02438
   147/399     8.09G   0.02413  0.007465   0.01528   0.04688        33       640    0.7956    0.7219    0.8039     0.591   0.02149  0.007204    0.0247
   148/399     8.09G   0.02514  0.007577   0.01506   0.04777        24       640     0.783    0.7542    0.8225    0.6221   0.02079  0.007064   0.02442
   149/399     8.09G   0.02467  0.007695   0.01533    0.0477        27       640    0.7521    0.8195    0.8351    0.6173   0.02112  0.007002   0.02339
   150/399     8.09G   0.02419  0.007352   0.01381   0.04535        31       640     0.781    0.7356    0.7935    0.5826   0.02204   0.00723   0.02401
   151/399     8.09G   0.02527  0.007282   0.01418   0.04674        22       640    0.8034     0.755    0.8268    0.6096   0.02174  0.006981   0.02251
   152/399     8.09G   0.02391  0.007331   0.01369   0.04493        26       640    0.7939     0.775    0.8195    0.6047   0.02171  0.007147   0.02235
   153/399     8.09G   0.02382  0.007113   0.01255   0.04349        29       640    0.7846    0.7397     0.817    0.6082   0.02126  0.007039   0.02295
   154/399     8.09G   0.02422  0.007133   0.01242   0.04377        26       640    0.8149    0.7827    0.8366    0.6307   0.02117  0.006907   0.02188
   155/399     8.09G   0.02365  0.006954   0.01157   0.04218        20       640    0.8116    0.7876    0.8345    0.6306   0.02097  0.006899   0.02247
   156/399     8.09G   0.02483  0.007249   0.01303   0.04511        16       640    0.7522    0.8248    0.8199    0.6045   0.02199  0.007184   0.02337
   157/399     8.09G   0.02479  0.007432   0.01332   0.04554        26       640    0.7817    0.7669    0.8131     0.594   0.02119  0.006965   0.02438
   158/399     8.09G   0.02367  0.007276   0.01273   0.04367        34       640    0.7644    0.7664    0.8155    0.6101   0.02079  0.007103   0.02447
   159/399     8.09G   0.02393   0.00745   0.01314   0.04453        26       640    0.7786    0.7762    0.8259    0.6195   0.02093  0.006984   0.02328
   160/399     8.09G   0.02456  0.007043   0.01318   0.04478        27       640    0.7785    0.7781    0.8217    0.6121   0.02152  0.007184   0.02523
   161/399     8.09G   0.02357  0.007147   0.01345   0.04416        35       640    0.8394    0.7625    0.8341    0.6214   0.02137  0.007157   0.02201
   162/399     8.09G   0.02457  0.007172   0.01324   0.04498        32       640    0.7956    0.7781    0.8161    0.6001   0.02142  0.007139   0.02401
   163/399     8.09G   0.02365  0.007095   0.01201   0.04276        20       640    0.7485    0.7455    0.7959    0.5922   0.02158  0.007371    0.0256
   164/399     8.09G   0.02396  0.006954   0.01249   0.04341        23       640     0.774    0.8069    0.8254    0.6227   0.02081  0.006939   0.02405
   165/399     8.09G   0.02437  0.007101   0.01202   0.04349        26       640    0.7802    0.7814    0.8244    0.6169   0.02063  0.006971   0.02389
   166/399     8.09G   0.02339   0.00693   0.01251   0.04283        32       640    0.7455    0.7755    0.7897    0.5892   0.02139  0.007257   0.02617
   167/399     8.09G   0.02351  0.007005   0.01256   0.04307        28       640     0.805    0.7908    0.8354    0.6221     0.021  0.007078    0.0223
   168/399     8.09G   0.02257  0.007201   0.01106   0.04084        24       640    0.7585     0.753    0.7991    0.5961    0.0212  0.007314   0.02576
   169/399     8.09G   0.02369  0.007179   0.01184   0.04271        21       640    0.8115    0.7575    0.8274    0.6214   0.02063  0.007297   0.02435
   170/399     8.09G    0.0227  0.006776   0.01147   0.04094        29       640    0.7828    0.7582     0.817    0.6193   0.02047  0.007079   0.02423
   171/399     8.09G   0.02356   0.00692   0.01097   0.04145        33       640    0.8036    0.7844    0.8346    0.6312   0.02045  0.007114   0.02373
   172/399     8.09G   0.02281  0.006925   0.01148   0.04121        28       640    0.8292    0.7509    0.8244    0.6228   0.02085  0.007017   0.02439
   173/399     8.09G   0.02264  0.007115   0.01171   0.04147        27       640    0.8446    0.7408    0.8176    0.6357   0.02026  0.007061   0.02345
   174/399     8.09G   0.02271  0.006958   0.01206   0.04173        31       640     0.773    0.7908    0.8167    0.6186   0.02031  0.007104   0.02453
   175/399     8.09G   0.02264  0.006883   0.01131   0.04083        35       640    0.7293     0.803    0.8181    0.6133   0.02081  0.007524   0.02365
   176/399     8.09G   0.02343  0.006852   0.01092    0.0412        31       640    0.7563    0.8117    0.8267    0.6194   0.02083  0.006856   0.02418
   177/399     8.09G   0.02257  0.006623   0.01141   0.04061        26       640    0.7152    0.7912     0.806    0.5905   0.02136  0.007274   0.02744
   178/399     8.09G   0.02241  0.006838   0.01061   0.03985        24       640    0.8289    0.7473    0.8259    0.6255   0.02063   0.00712   0.02372
   179/399     8.09G    0.0227  0.006763   0.01142   0.04088        26       640    0.8027    0.7977     0.833    0.6295   0.02039  0.007094   0.02384
   180/399     8.09G    0.0226  0.006892   0.01075   0.04025        23       640    0.8286    0.7792    0.8431    0.6334   0.01995  0.006914   0.02301
   181/399     8.09G   0.02296  0.006928   0.01092   0.04081        22       640    0.7822    0.7856    0.8199    0.6135   0.02086  0.006924   0.02327
   182/399     8.09G   0.02202  0.006636  0.009963   0.03862        25       640    0.8414     0.738    0.8388    0.6361   0.02008   0.00684   0.02222
   183/399     8.09G   0.02226  0.006661  0.009885   0.03881        29       640    0.7879    0.7723    0.8135    0.6202   0.01959  0.006742   0.02513
   184/399     8.09G    0.0218  0.006928    0.0103   0.03902        27       640     0.825    0.7278    0.8171    0.6214      0.02  0.006597   0.02537
   185/399     8.09G   0.02256  0.006799   0.01082   0.04019        26       640    0.7825    0.7964    0.8439     0.641   0.02005  0.006761   0.02298
   186/399     8.09G   0.02192  0.006905   0.01059   0.03942        33       640    0.8029     0.731    0.8184    0.6191   0.01949  0.006758   0.02485
   187/399     8.09G   0.02188  0.006927   0.01016   0.03896        27       640     0.798     0.759    0.8334    0.6394    0.0199  0.006844   0.02486
   188/399     8.09G   0.02255  0.006927   0.01074   0.04022        22       640    0.8102     0.768    0.8224    0.6193   0.02075  0.007002   0.02379
   189/399     8.09G   0.02128  0.006526   0.01058   0.03839        29       640    0.8108    0.7774    0.8429    0.6397   0.01985  0.007005   0.02277
   190/399     8.09G   0.02106  0.006617   0.01028   0.03795        30       640    0.8058    0.7466    0.8304    0.6291   0.01985  0.007006   0.02472
   191/399     8.09G   0.02167  0.006759   0.01059   0.03902        31       640    0.7925    0.7729    0.8291     0.634   0.02006  0.006922   0.02434
   192/399     8.09G   0.02134  0.006729   0.01086   0.03894        33       640    0.7789    0.8018    0.8287    0.6317   0.02037  0.007048   0.02289
   193/399     8.09G   0.02054  0.006514  0.009894   0.03695        23       640     0.778     0.777    0.8299    0.6246    0.0202  0.006934   0.02362
   194/399     8.09G   0.02161  0.006417   0.01005   0.03807        23       640     0.828    0.7662     0.836    0.6414   0.01986  0.006745   0.02303
   195/399     8.09G   0.02071  0.006589   0.00928   0.03658        28       640    0.8193    0.7809    0.8384    0.6336   0.01996  0.006731   0.02292
   196/399     8.09G   0.02196  0.006395   0.00957   0.03793        24       640    0.7666    0.7855    0.8302    0.6383   0.01982  0.006783   0.02347
   197/399     8.09G   0.02137  0.006661  0.009839   0.03787        28       640    0.7945     0.795    0.8515    0.6497   0.01996  0.006762   0.02244
   198/399     8.09G   0.02245  0.006773  0.009525   0.03874        23       640    0.8301    0.7826    0.8336    0.6286   0.02035  0.006775   0.02343
   199/399     8.09G   0.02062  0.006248  0.008976   0.03584        28       640    0.8109    0.7903    0.8386     0.643   0.01976  0.006711   0.02253
   200/399     8.09G   0.02071  0.006355   0.00931   0.03637        26       640    0.8144    0.7809    0.8417    0.6378   0.01998  0.006835   0.02308
   201/399     8.09G   0.02134  0.006238   0.01015   0.03773        29       640    0.8147    0.7675    0.8337    0.6413   0.01955  0.006637   0.02351
   202/399     8.09G   0.02138  0.006421  0.009607   0.03741        24       640    0.8242    0.7718    0.8335    0.6394   0.01959  0.006658   0.02398
   203/399     8.09G   0.02066  0.006406   0.00869   0.03575        30       640    0.8637    0.7453    0.8352    0.6369   0.01989  0.006852   0.02281
   204/399     8.09G   0.02123  0.006435  0.008671   0.03634        35       640     0.835    0.7469    0.8275    0.6293   0.01978  0.006772   0.02395
   205/399     8.09G   0.02017  0.006265   0.00893   0.03536        32       640    0.8285    0.7763    0.8336    0.6357   0.01936  0.006665   0.02326
   206/399     8.09G   0.02081  0.006498  0.008872   0.03618        31       640    0.8125    0.8016     0.838    0.6399   0.01945  0.006712   0.02249
   207/399     8.09G   0.02003  0.006133  0.008652   0.03482        29       640    0.8449     0.737    0.8396    0.6467   0.01906  0.006614   0.02315
   208/399     8.09G   0.02108  0.006068   0.00813   0.03528        29       640    0.8455    0.7513    0.8394    0.6474   0.01949  0.006758   0.02202
   209/399     8.09G   0.01987  0.006269  0.008719   0.03486        26       640    0.8313     0.776    0.8355    0.6385   0.01926  0.006529   0.02404
   210/399     8.09G   0.02031  0.006416  0.009261   0.03599        28       640    0.8197    0.7714    0.8353    0.6474   0.01897  0.006536   0.02396
   211/399     8.09G   0.02013  0.006333  0.009475   0.03594        28       640    0.8069    0.7784    0.8309    0.6336   0.01959  0.006684   0.02463
   212/399     8.09G   0.02047  0.006288  0.009278   0.03604        29       640    0.7749    0.8198     0.844    0.6466   0.01976  0.006728   0.02386
   213/399     8.09G   0.01983  0.006203  0.009725   0.03576        19       640     0.795    0.8006    0.8445    0.6566   0.01912  0.006607   0.02403
   214/399     8.09G   0.02046  0.006375  0.009152   0.03599        25       640    0.8181    0.7637      0.83    0.6425   0.01927  0.006664   0.02316
   215/399     8.09G   0.01956  0.006222   0.00837   0.03416        26       640    0.8326    0.7882    0.8498    0.6595   0.01898  0.006679   0.02177
   216/399     8.09G   0.02025  0.006205  0.008089   0.03454        37       640    0.8288    0.7738    0.8383    0.6494   0.01923  0.006831   0.02294
   217/399     8.09G   0.01995  0.006395  0.008666   0.03501        21       640    0.8523    0.7524    0.8382    0.6452   0.01957  0.006702   0.02386
   218/399     8.09G   0.02055   0.00628  0.008202   0.03503        27       640    0.8075     0.789    0.8265    0.6405   0.01933  0.006708   0.02411
   219/399     8.09G   0.01935  0.006229  0.008266   0.03384        28       640    0.8134    0.8053     0.844     0.653   0.01925  0.006764   0.02174
   220/399     8.09G   0.01916  0.006162  0.007861   0.03318        30       640    0.8488    0.7928      0.85     0.658   0.01904  0.006592   0.02076
   221/399     8.09G   0.01858  0.006097  0.008517   0.03319        23       640    0.7819    0.8267    0.8483    0.6581   0.01897  0.006649   0.02227
   222/399     8.09G   0.01954  0.005988  0.007981   0.03351        34       640    0.8408    0.7928    0.8426    0.6525   0.01916  0.006805    0.0232
   223/399     8.09G   0.01933  0.006004  0.007673   0.03301        21       640    0.7949     0.808    0.8331    0.6409   0.01911  0.006646   0.02313
   224/399     8.09G   0.01938  0.006219  0.008527   0.03413        30       640    0.8145    0.8078    0.8464    0.6533   0.01921  0.006572   0.02204
   225/399     8.09G   0.01925  0.006123  0.008242   0.03361        24       640    0.8369    0.8277    0.8661    0.6559   0.01981    0.0068   0.02068
   226/399     8.09G   0.01891  0.006236  0.007588   0.03273        21       640    0.8205    0.8317    0.8536    0.6554   0.01949  0.006662   0.02153
   227/399     8.09G   0.02028  0.006301  0.007957   0.03454        27       640    0.7824    0.8301    0.8449    0.6551   0.01923  0.006607   0.02217
   228/399     8.09G   0.01918  0.006256   0.00829   0.03373        30       640    0.8688    0.7834    0.8546    0.6653    0.0187   0.00646    0.0208
   229/399     8.09G   0.01952  0.006037  0.008384   0.03394        24       640    0.8226    0.7841    0.8436    0.6579   0.01896   0.00642   0.02365
   230/399     8.09G    0.0189  0.006082   0.00762   0.03261        27       640    0.8394    0.7663    0.8352    0.6573   0.01882  0.006509    0.0235
   231/399     8.09G   0.01895  0.005958  0.007105   0.03201        23       640    0.8258    0.7888    0.8371    0.6563   0.01885  0.006588   0.02334
   232/399     8.09G   0.01843  0.006085   0.00785   0.03236        26       640    0.8461    0.7574    0.8333    0.6497   0.01866  0.006636   0.02304
   233/399     8.09G   0.01931  0.006013   0.00885   0.03417        31       640    0.8062    0.8179    0.8496     0.654   0.01905  0.006704   0.02136
   234/399     8.09G   0.01839   0.00606  0.008709   0.03316        30       640    0.7953    0.8412    0.8526    0.6595   0.01904  0.006519   0.02091
   235/399     8.09G   0.01839  0.005836  0.007366   0.03159        34       640    0.7914    0.8331    0.8515    0.6613     0.019  0.006474   0.02116
   236/399     8.09G   0.01888  0.005865  0.007779   0.03253        26       640    0.8744    0.7581    0.8444    0.6665   0.01879  0.006391   0.02182
   237/399     8.09G   0.01884  0.006088  0.007721   0.03265        21       640    0.8302    0.7831    0.8453     0.663   0.01862   0.00639   0.02126
   238/399     8.09G   0.01897  0.006129  0.007525   0.03263        22       640    0.8411    0.7569    0.8398    0.6644    0.0185  0.006458   0.02343
   239/399     8.09G   0.01808   0.00605  0.007855   0.03198        27       640    0.7701    0.8207    0.8451    0.6672   0.01843  0.006463   0.02254
   240/399     8.09G   0.01862  0.006021  0.008601   0.03325        23       640    0.7797    0.7974    0.8374     0.657   0.01861  0.006528   0.02386
   241/399     8.09G   0.01883  0.006245  0.008118   0.03319        31       640    0.8084    0.7625    0.8341    0.6552   0.01836  0.006596   0.02346
   242/399     8.09G   0.01892  0.006037  0.007851   0.03281        27       640    0.7729    0.8124    0.8421    0.6573   0.01873   0.00652   0.02262
   243/399     8.09G   0.01873  0.005968  0.007572   0.03227        25       640    0.8546    0.7468    0.8404    0.6556   0.01862  0.006637   0.02354
   244/399     8.09G   0.01837  0.005861  0.007117   0.03135        28       640    0.8079    0.7913    0.8369    0.6549   0.01851  0.006561   0.02331
   245/399     8.09G   0.01839  0.005798  0.007928   0.03211        27       640    0.7755    0.8128    0.8309    0.6518   0.01866  0.006738   0.02379
   246/399     8.09G   0.01831  0.006099  0.008569   0.03298        26       640    0.8204    0.8084    0.8518    0.6673   0.01856  0.006664   0.02177
   247/399     8.09G   0.01832  0.006132  0.007396   0.03185        26       640    0.8411    0.7927     0.843    0.6594    0.0188  0.006555   0.02136
   248/399     8.09G   0.01848  0.005897  0.007325    0.0317        26       640     0.813    0.8199    0.8455     0.661   0.01858  0.006412   0.02214
   249/399     8.09G   0.01782  0.005896  0.007811   0.03153        26       640    0.8376    0.7864      0.84    0.6566   0.01837  0.006602   0.02263
   250/399     8.09G   0.01808  0.005916  0.007623   0.03162        22       640    0.8103     0.785    0.8492    0.6611   0.01873  0.006652    0.0226
   251/399     8.09G   0.01758  0.005951  0.007895   0.03143        32       640    0.8062    0.8114    0.8483     0.667   0.01815  0.006632   0.02226
   252/399     8.09G   0.01771  0.005949  0.006618   0.03028        28       640    0.8361    0.8082    0.8646    0.6776   0.01822  0.006553   0.01976
   253/399     8.09G   0.01767  0.005895  0.007358   0.03093        26       640    0.8334    0.8139    0.8688    0.6901   0.01805   0.00649   0.02055
   254/399     8.09G   0.01715  0.005738  0.006904    0.0298        30       640    0.7838    0.8605     0.864    0.6762   0.01828  0.006503   0.02005
   255/399     8.09G   0.01695  0.005766  0.008123   0.03084        21       640    0.8283    0.8326    0.8705    0.6905   0.01803  0.006456   0.01963
   256/399     8.09G   0.01749  0.005919  0.007499   0.03091        35       640    0.8397    0.8165    0.8605    0.6809   0.01823  0.006468   0.01954
   257/399     8.09G   0.01726  0.005715  0.006361   0.02933        32       640    0.8282    0.8017    0.8527    0.6729   0.01825  0.006466   0.02258
   258/399     8.09G   0.01779  0.005716  0.006931   0.03044        33       640    0.8413    0.8193    0.8619    0.6699   0.01846  0.006523   0.01981
   259/399     8.09G   0.01715  0.005639  0.005982   0.02877        30       640    0.8459    0.7838    0.8539    0.6701   0.01817   0.00649   0.02117
   260/399     8.09G   0.01713  0.005624  0.007182   0.02993        28       640    0.8313    0.7965    0.8528    0.6671   0.01813  0.006539   0.02219
   261/399     8.09G   0.01705  0.005822  0.006468   0.02934        29       640    0.7833    0.8226    0.8466    0.6629   0.01815  0.006598   0.02313
   262/399     8.09G   0.01727  0.005674  0.007101   0.03005        25       640    0.8308    0.7811    0.8448    0.6653   0.01837  0.006755   0.02241
   263/399     8.09G   0.01748  0.005461  0.007126   0.03007        28       640    0.8163    0.7843    0.8397    0.6637   0.01816  0.006466   0.02351
   264/399     8.09G   0.01705  0.005676  0.006811   0.02954        33       640    0.8194    0.7638    0.8283    0.6478   0.01849  0.006639   0.02408
   265/399     8.09G   0.01706  0.005674  0.006686   0.02942        25       640    0.8641    0.7461    0.8416    0.6609   0.01848  0.006605   0.02295
   266/399     8.09G   0.01759  0.005625  0.006645   0.02986        23       640    0.8552    0.7757     0.844    0.6591   0.01846  0.006613   0.02224
   267/399     8.09G   0.01675  0.005583  0.006167    0.0285        32       640    0.8226    0.7957    0.8416    0.6564   0.01837  0.006465   0.02275
   268/399     8.09G   0.01714  0.005791  0.006547   0.02947        33       640    0.7875    0.8085    0.8415    0.6639   0.01843    0.0065   0.02352
   269/399     8.09G    0.0161  0.005496  0.006548   0.02814        27       640      0.81    0.7937    0.8389    0.6592   0.01836  0.006552   0.02315
   270/399     8.09G   0.01627   0.00556  0.005889   0.02772        25       640    0.7749    0.8237    0.8383    0.6595   0.01808  0.006456   0.02396
   271/399     8.09G     0.017  0.005514  0.006639   0.02915        18       640     0.864    0.7702    0.8619    0.6865   0.01803   0.00635   0.02145
   272/399     8.09G   0.01695  0.005588  0.006033   0.02857        33       640     0.837    0.8125    0.8498    0.6755   0.01787  0.006424   0.02222
   273/399     8.09G   0.01708  0.005396  0.005949   0.02843        26       640    0.8272    0.7825     0.845    0.6673   0.01802  0.006456   0.02325
   274/399     8.09G     0.017  0.005498  0.006597   0.02909        19       640    0.8474    0.7691    0.8366    0.6588   0.01797  0.006531   0.02294
   275/399     8.09G   0.01608  0.005283  0.005567   0.02693        22       640    0.8314    0.7748    0.8336    0.6584   0.01793  0.006598   0.02296
   276/399     8.09G   0.01624  0.005247  0.006532   0.02802        32       640    0.8225    0.7709    0.8284    0.6549   0.01803  0.006495    0.0237
   277/399     8.09G   0.01641  0.005565  0.006208   0.02819        35       640    0.7984    0.8018    0.8362    0.6626   0.01784  0.006497   0.02389
   278/399     8.09G   0.01652  0.005596  0.006731   0.02885        27       640    0.8411    0.7549    0.8381    0.6598   0.01784  0.006435   0.02364
   279/399     8.09G   0.01618  0.005366   0.00686   0.02841        22       640    0.8349    0.7784    0.8495    0.6683   0.01802  0.006503   0.02445
   280/399     8.09G    0.0169  0.005435  0.005729   0.02807        31       640    0.8326    0.8243    0.8598    0.6808   0.01789  0.006483   0.02052
   281/399     8.09G   0.01614  0.005495  0.006128   0.02776        30       640    0.8117    0.8411    0.8581    0.6741   0.01795  0.006542   0.02129
   282/399     8.09G   0.01662  0.005475  0.006185   0.02828        22       640     0.776     0.841    0.8546    0.6755   0.01816  0.006534     0.023
   283/399     8.09G   0.01608  0.005519  0.006886   0.02848        29       640     0.837    0.7797    0.8534    0.6735    0.0179  0.006494   0.02289
   284/399     8.09G   0.01594  0.005489   0.00639   0.02782        31       640    0.7868    0.8293    0.8423    0.6616    0.0179  0.006479   0.02349
   285/399     8.09G   0.01632  0.005604  0.006474    0.0284        31       640    0.7974    0.8441    0.8564    0.6744   0.01809  0.006506   0.02157
   286/399     8.09G   0.01555  0.005354  0.006228   0.02713        28       640    0.7821    0.8332    0.8503    0.6686   0.01801  0.006502   0.02261
   287/399     8.09G   0.01584  0.005337  0.006306   0.02748        33       640    0.8028    0.8139    0.8464    0.6701   0.01784  0.006444   0.02274
   288/399     8.09G   0.01601  0.005543  0.006634   0.02819        26       640    0.8283    0.7999     0.847    0.6676   0.01795  0.006585   0.02302
   289/399     8.09G   0.01577  0.005258  0.006009   0.02703        25       640    0.8346    0.8154    0.8622    0.6783   0.01796   0.00663   0.02114
   290/399     8.09G   0.01564  0.005354  0.006844   0.02784        26       640    0.9049    0.7551     0.859    0.6742   0.01786  0.006533   0.02135
   291/399     8.09G   0.01541  0.005292  0.005582   0.02629        30       640    0.8076    0.8066    0.8488    0.6695   0.01777  0.006437   0.02294
   292/399     8.09G   0.01506   0.00524  0.005479   0.02578        28       640    0.8021    0.8113    0.8469    0.6715   0.01773  0.006423   0.02437
   293/399     8.09G   0.01553  0.005421   0.00623   0.02718        24       640    0.7716    0.8314    0.8497    0.6774   0.01769  0.006435   0.02361
   294/399     8.09G   0.01589   0.00555  0.005726   0.02717        24       640    0.7896     0.812    0.8443    0.6671   0.01783  0.006559   0.02451
   295/399     8.09G   0.01511  0.005279  0.005354   0.02574        29       640    0.8599    0.7672    0.8446     0.663   0.01774  0.006491   0.02359
   296/399     8.09G   0.01598  0.005579   0.00611   0.02767        31       640    0.8275    0.7972    0.8422    0.6647   0.01762  0.006459   0.02322
   297/399     8.09G   0.01491  0.005255   0.00559   0.02575        29       640    0.8269    0.7838    0.8504     0.674   0.01757  0.006488   0.02311
   298/399     8.09G   0.01513  0.005206  0.005959   0.02629        27       640    0.8175    0.7928    0.8474     0.667    0.0177  0.006599   0.02354
   299/399     8.09G   0.01509  0.005226  0.005686     0.026        19       640    0.8277    0.7715    0.8428    0.6745   0.01759   0.00651   0.02335
   300/399     8.09G   0.01493  0.005249  0.006252   0.02643        23       640    0.7868    0.7961    0.8393    0.6689   0.01762  0.006394    0.0252
   301/399     8.09G   0.01508  0.005104  0.005368   0.02555        26       640    0.7502    0.8331    0.8437    0.6726   0.01754  0.006385    0.0246
   302/399     8.09G   0.01533  0.005309   0.00572   0.02635        34       640    0.8463    0.7661    0.8472    0.6709   0.01761   0.00638   0.02344
   303/399     8.09G   0.01461  0.005018  0.005562   0.02519        27       640    0.8542    0.7585    0.8471    0.6676   0.01765  0.006427   0.02334
   304/399     8.09G   0.01508  0.005214  0.006033   0.02633        31       640    0.8566    0.7697     0.844    0.6711   0.01761  0.006392   0.02289
   305/399     8.09G   0.01493    0.0052   0.00555   0.02568        30       640    0.8437    0.7713    0.8476    0.6749   0.01751  0.006373   0.02264
   306/399     8.09G   0.01467   0.00518  0.005611   0.02546        26       640    0.7646    0.8459    0.8436    0.6706   0.01766  0.006496   0.02329
   307/399     8.09G   0.01452  0.004872  0.005092   0.02448        28       640    0.8555     0.767    0.8426    0.6715   0.01752  0.006509   0.02408
   308/399     8.09G   0.01562  0.005185  0.005391    0.0262        15       640    0.7984    0.8063    0.8456    0.6735   0.01758  0.006559   0.02372
   309/399     8.09G   0.01507   0.00521  0.006051   0.02633        27       640    0.8237    0.7827    0.8376    0.6652   0.01764   0.00654   0.02424
   310/399     8.09G   0.01496  0.005119  0.006146   0.02623        30       640    0.8238    0.7975    0.8429    0.6718    0.0175  0.006453   0.02226
   311/399     8.09G   0.01494  0.004984  0.005433   0.02536        25       640     0.828    0.7908    0.8424    0.6738   0.01764    0.0064   0.02396
   312/399     8.09G   0.01477  0.005196  0.005368   0.02533        30       640    0.8477    0.7647    0.8375    0.6669   0.01748  0.006431   0.02402
   313/399     8.09G   0.01492   0.00532  0.005117   0.02535        23       640    0.8457    0.7611    0.8397    0.6706   0.01753  0.006579   0.02396
   314/399     8.09G   0.01445  0.005089  0.005363   0.02491        22       640    0.7768    0.8383    0.8433    0.6703   0.01738  0.006588   0.02324
   315/399     8.09G   0.01507  0.005325  0.005713   0.02611        22       640    0.8291    0.8006     0.846    0.6746   0.01735  0.006414    0.0226
   316/399     8.09G   0.01502  0.005311  0.005615   0.02595        23       640     0.835    0.8041    0.8443    0.6743   0.01752  0.006447   0.02328
   317/399     8.09G   0.01452  0.005177  0.005379   0.02508        32       640    0.8023    0.7933    0.8374    0.6672   0.01755  0.006452   0.02401
   318/399     8.09G     0.014  0.005099  0.005724   0.02482        24       640    0.8206     0.813    0.8338    0.6621   0.01746    0.0064   0.02469
   319/399     8.09G   0.01403   0.00498  0.004915   0.02393        25       640    0.7767    0.8353     0.841     0.671   0.01731  0.006481   0.02422
   320/399     8.09G   0.01432  0.005066  0.005223   0.02461        27       640    0.8369     0.788    0.8435    0.6752   0.01732  0.006532   0.02424
   321/399     8.09G   0.01408  0.004955  0.005586   0.02462        26       640    0.7882    0.8278    0.8393    0.6682   0.01731  0.006568   0.02487
   322/399     8.09G    0.0142  0.004978  0.005581   0.02476        33       640    0.8563    0.7786    0.8464    0.6749   0.01739  0.006606   0.02375
   323/399     8.09G   0.01431  0.004933  0.004784   0.02403        23       640    0.7785    0.8258    0.8353    0.6659    0.0174  0.006515   0.02499
   324/399     8.09G   0.01408  0.004862  0.005247   0.02419        31       640    0.7851    0.8269     0.842    0.6743   0.01749   0.00651   0.02441
   325/399     8.09G   0.01468  0.005023  0.005718   0.02542        29       640    0.8176    0.7963    0.8497    0.6778   0.01746  0.006466   0.02396
   326/399     8.09G   0.01426  0.005099  0.005511   0.02487        21       640    0.7989     0.807    0.8446    0.6713   0.01747  0.006476    0.0248
   327/399     8.09G   0.01375  0.004918  0.005424   0.02409        24       640    0.7945    0.7968    0.8328    0.6619   0.01751  0.006534   0.02586
   328/399     8.09G   0.01423  0.004968  0.006299    0.0255        29       640    0.8373    0.7513    0.8335    0.6661   0.01748  0.006539   0.02571
   329/399     8.09G   0.01376  0.004817  0.005168   0.02375        23       640    0.8312    0.7544    0.8365    0.6652    0.0174  0.006526   0.02578
   330/399     8.09G   0.01396  0.005059  0.005282    0.0243        34       640     0.826    0.7652    0.8366    0.6667   0.01742  0.006484   0.02535
   331/399     8.09G   0.01374  0.004982  0.004988    0.0237        22       640    0.7964    0.7942    0.8414    0.6733   0.01734  0.006456   0.02476
   332/399     8.09G   0.01384  0.005041  0.005042   0.02393        29       640    0.7984    0.8015    0.8492    0.6804    0.0173   0.00643   0.02424
   333/399     8.09G   0.01387  0.005006  0.005378   0.02425        28       640    0.8261    0.7851    0.8513    0.6834   0.01716   0.00638   0.02331
   334/399     8.09G   0.01459  0.005122  0.005456   0.02516        22       640    0.8908      0.74    0.8519    0.6864   0.01725   0.00645   0.02382
   335/399     8.09G   0.01308  0.004756  0.004752   0.02259        26       640    0.8169    0.7962      0.85    0.6836   0.01738  0.006451   0.02346
   336/399     8.09G   0.01364  0.005014  0.005183   0.02384        23       640     0.805    0.8156    0.8481    0.6825    0.0173  0.006429    0.0238
   337/399     8.09G   0.01323  0.005027  0.005047    0.0233        26       640    0.8497    0.7817    0.8438    0.6747   0.01737  0.006463   0.02421
   338/399     8.09G   0.01336  0.004853  0.005122   0.02334        28       640    0.8298     0.793    0.8471    0.6777   0.01745  0.006508    0.0237
   339/399     8.09G   0.01383   0.00501  0.005325   0.02416        19       640    0.8173    0.7853     0.847    0.6743   0.01753  0.006459   0.02418
   340/399     8.09G   0.01372  0.004988  0.004927   0.02364        28       640    0.8492    0.7755     0.848    0.6775   0.01758  0.006481    0.0236
   341/399     8.09G   0.01344  0.004966  0.005093    0.0235        29       640    0.8591    0.7611    0.8449      0.68   0.01746  0.006577    0.0244
   342/399     8.09G   0.01355  0.004832  0.004427   0.02281        24       640    0.8377    0.7666    0.8399    0.6721    0.0176  0.006618   0.02503
   343/399     8.09G    0.0136  0.004875  0.005088   0.02356        34       640    0.8541     0.762    0.8435     0.672   0.01753  0.006552   0.02486
   344/399     8.09G   0.01332  0.004949   0.00484   0.02311        34       640    0.8297     0.768    0.8405    0.6754   0.01752   0.00645   0.02489
   345/399     8.09G   0.01348  0.004791  0.004907   0.02318        36       640     0.792    0.8143    0.8327     0.667   0.01743  0.006475   0.02482
   346/399     8.09G   0.01357  0.004876   0.00514   0.02359        33       640    0.8153    0.8055    0.8395    0.6728   0.01738  0.006562    0.0237
   347/399     8.09G   0.01339  0.004885  0.004796   0.02307        25       640    0.8299    0.7821    0.8351    0.6674   0.01739   0.00666   0.02503
   348/399     8.09G   0.01378  0.004792  0.004705   0.02328        25       640    0.7758    0.8388    0.8335    0.6654   0.01757  0.006621   0.02516
   349/399     8.09G    0.0129  0.004702  0.005095   0.02269        31       640    0.8135    0.8048    0.8384    0.6669   0.01758  0.006531   0.02464
   350/399     8.09G   0.01334  0.004891  0.005033   0.02327        28       640     0.797    0.8313     0.845    0.6726   0.01758  0.006554   0.02407
   351/399     8.09G   0.01321  0.004875  0.004811   0.02289        29       640    0.7911    0.8272     0.845     0.672    0.0176  0.006571   0.02362
   352/399     8.09G   0.01339  0.004712  0.004716   0.02282        25       640    0.8333    0.7775    0.8469    0.6746   0.01759  0.006527   0.02371
   353/399     8.09G   0.01354  0.004734   0.00471   0.02298        23       640    0.8304    0.7948    0.8479    0.6679   0.01776   0.00656   0.02379
   354/399     8.09G   0.01299  0.004693  0.004938   0.02262        22       640    0.7695    0.8658    0.8473    0.6712    0.0178  0.006603   0.02429
   355/399     8.09G   0.01303  0.004758   0.00479   0.02258        29       640    0.8279    0.7939    0.8496    0.6697   0.01779  0.006664   0.02324
   356/399     8.09G   0.01353   0.00486  0.004925   0.02331        30       640    0.7755    0.8529    0.8501    0.6763   0.01765  0.006615   0.02261
   357/399     8.09G   0.01357   0.00502  0.004937   0.02353        33       640    0.7858     0.825    0.8445    0.6729   0.01764  0.006664   0.02392
   358/399     8.09G   0.01304  0.004706  0.004964   0.02271        27       640    0.8209    0.8021    0.8422    0.6727   0.01754  0.006605   0.02416
   359/399     8.09G   0.01284  0.004667  0.004801    0.0223        28       640    0.8306    0.7929    0.8413     0.672   0.01752  0.006527   0.02366
   360/399     8.09G   0.01307  0.004831  0.004682   0.02258        27       640    0.8238    0.8072    0.8424    0.6741   0.01755  0.006538   0.02319
   361/399     8.09G   0.01335  0.004905  0.005618   0.02387        29       640    0.7977    0.8184    0.8472    0.6769   0.01762  0.006557   0.02295
   362/399     8.09G   0.01334  0.004947  0.004949   0.02324        27       640     0.817     0.813    0.8475    0.6789   0.01752  0.006523   0.02246
   363/399     8.09G   0.01319  0.004749  0.004451   0.02239        28       640      0.85    0.7879    0.8513    0.6808   0.01745  0.006574   0.02258
   364/399     8.09G   0.01265  0.004709  0.004624   0.02198        31       640     0.853    0.8048    0.8527    0.6793   0.01755  0.006663   0.02257
   365/399     8.09G   0.01288  0.004734  0.004683    0.0223        20       640    0.8541     0.802     0.855    0.6825   0.01761  0.006642   0.02231
   366/399     8.09G   0.01278  0.004684  0.004882   0.02235        18       640     0.822     0.821    0.8546    0.6794   0.01756  0.006625   0.02272
   367/399     8.09G    0.0128  0.004724  0.004287   0.02181        26       640    0.8759    0.7695    0.8558    0.6827   0.01752  0.006651   0.02287
   368/399     8.09G   0.01322  0.004773  0.005354   0.02335        24       640    0.8524    0.7851    0.8508    0.6785   0.01746  0.006599   0.02268
   369/399     8.09G   0.01277  0.004582  0.004632   0.02198        30       640    0.8618    0.7667    0.8532    0.6804    0.0175  0.006638   0.02284
   370/399     8.09G   0.01306  0.004762  0.004586   0.02241        31       640    0.8203    0.8089    0.8529    0.6782   0.01756  0.006659   0.02269
   371/399     8.09G   0.01277  0.004832  0.004869   0.02247        29       640    0.8705     0.773    0.8526     0.683   0.01747  0.006593   0.02257
   372/399     8.09G   0.01329   0.00476  0.005136   0.02318        20       640     0.831    0.8172    0.8535    0.6833   0.01736  0.006549   0.02215
   373/399     8.09G   0.01264  0.004695  0.004999   0.02233        37       640    0.8302    0.8115    0.8545    0.6794    0.0174   0.00657   0.02245
   374/399     8.09G   0.01291  0.004646  0.004657   0.02221        26       640    0.8456     0.795    0.8483    0.6761    0.0175  0.006601   0.02287
   375/399     8.09G   0.01235  0.004722  0.004627    0.0217        30       640    0.8406    0.7925    0.8459    0.6762   0.01746  0.006583   0.02298
   376/399     8.09G   0.01285  0.004799  0.004864   0.02251        26       640    0.8523    0.7819    0.8464     0.675   0.01744  0.006567   0.02318
   377/399     8.09G   0.01274  0.004712  0.004826   0.02228        26       640    0.8646     0.774     0.848    0.6763   0.01756  0.006605   0.02376
   378/399     8.09G   0.01288  0.004639  0.004472   0.02199        29       640    0.8756    0.7652     0.849    0.6752   0.01768  0.006651   0.02372
   379/399     8.09G   0.01295  0.004776  0.004791   0.02252        32       640    0.8526    0.7697    0.8465    0.6753   0.01767  0.006678   0.02315
   380/399     8.09G   0.01254  0.004778  0.004812   0.02213        24       640    0.8701    0.7682    0.8496    0.6785   0.01753  0.006643    0.0224
   381/399     8.09G    0.0122   0.00466  0.004338    0.0212        35       640    0.8493    0.7876    0.8498    0.6771   0.01746  0.006571    0.0227
   382/399     8.09G   0.01262  0.004759  0.004574   0.02195        30       640    0.8309    0.8068    0.8503    0.6805   0.01745  0.006568   0.02378
   383/399     8.09G   0.01299  0.004638  0.004779   0.02241        20       640    0.8648    0.7719    0.8489    0.6809   0.01734  0.006546   0.02351
   384/399     8.09G   0.01257  0.004552   0.00406   0.02118        24       640    0.8374    0.7968    0.8481    0.6742   0.01734  0.006539   0.02306
   385/399     8.09G   0.01315  0.004799  0.005008   0.02295        25       640    0.8313    0.7946    0.8502    0.6773   0.01744  0.006563   0.02291
   386/399     8.09G   0.01313  0.004602   0.00499   0.02272        34       640    0.8122    0.8026    0.8515    0.6788   0.01738  0.006555   0.02261
   387/399     8.09G   0.01245  0.004805  0.004805   0.02206        23       640    0.8711    0.7667    0.8534    0.6786   0.01744  0.006563   0.02212
   388/399     8.09G   0.01254  0.004712   0.00484   0.02209        28       640    0.8653    0.7877    0.8608    0.6853   0.01741  0.006516   0.02165
   389/399     8.09G   0.01252  0.004611  0.004221   0.02135        28       640    0.8502    0.7992    0.8572    0.6839   0.01745  0.006517   0.02218
   390/399     8.09G   0.01285  0.004821  0.004796   0.02246        28       640    0.8584    0.7904    0.8583    0.6845   0.01749  0.006545   0.02197
   391/399     8.09G   0.01252  0.004653  0.004487   0.02166        31       640    0.8784    0.7775    0.8562    0.6834   0.01746  0.006517   0.02195
   392/399     8.09G   0.01297  0.004681  0.004692   0.02234        30       640    0.8129    0.8174    0.8526    0.6787   0.01748  0.006492   0.02259
   393/399     8.09G   0.01258  0.004469  0.004103   0.02116        31       640    0.8429    0.7852    0.8511    0.6797    0.0175  0.006573   0.02294
   394/399     8.09G   0.01292  0.004724  0.004535   0.02218        27       640    0.8796    0.7629    0.8479    0.6763   0.01749  0.006603   0.02358
   395/399     8.09G   0.01227   0.00457  0.004463   0.02131        27       640    0.8588    0.7753    0.8471    0.6754   0.01745  0.006596   0.02418
   396/399     8.09G    0.0129  0.004832  0.005164    0.0229        29       640    0.8401    0.7714    0.8445    0.6733   0.01744  0.006581    0.0243
   397/399     8.09G   0.01221  0.004473  0.004612   0.02129        27       640    0.8303    0.7804    0.8479    0.6742   0.01749  0.006594   0.02362
   398/399     8.09G    0.0124   0.00453  0.004624   0.02155        30       640    0.8025    0.7957    0.8463    0.6754   0.01756  0.006661   0.02407
   399/399     8.09G   0.01279  0.004577  0.004498   0.02186        27       640    0.8432    0.7769    0.8472     0.676   0.01753  0.006649    0.0241
